TSML_Idempotent full table:
  0:  0  0  0  0  0  0  0  7  0  0
  1:  0  1  7  7  7  7  7  7  7  7
  2:  0  7  2  7  7  7  7  7  7  7
  3:  0  7  7  3  7  7  7  7  7  7
  4:  0  7  7  7  4  7  7  7  7  7
  5:  0  7  7  7  7  5  7  7  7  7
  6:  0  7  7  7  7  7  6  7  7  7
  7:  7  7  7  7  7  7  7  7  7  7
  8:  0  7  7  7  7  7  7  7  8  7
  9:  0  7  7  7  7  7  7  7  7  9

det = 398664 = 2^3 × 3^2 × 7^2 × 113
Prime set: {113, 2, 3, 7}

Eigenvalues: ['61.201', '6.458', '1.634', '0.276', '-1.416', '-2.490', '-3.548', '-4.605', '-5.671', '-6.841']
Rank: 10

NORM FORM (x²) values:
    x  x²
    0   0
    1   1
    2   2
    3   3
    4   4
    5   5
    6   6
    7   7
    8   8
    9   9

SEARCH: does TSML_Idempotent contain a closed 7-element Fano-type subalgebra?
Number of closed 7-element subsets: 84
  (0, 1, 2, 3, 4, 5, 7): all idempotent? True
     0  0  0  0  0  0  6
     0  1  6  6  6  6  6
     0  6  2  6  6  6  6
     0  6  6  3  6  6  6
     0  6  6  6  4  6  6
     0  6  6  6  6  5  6
     6  6  6  6  6  6  6
  (0, 1, 2, 3, 4, 6, 7): all idempotent? True
     0  0  0  0  0  0  6
     0  1  6  6  6  6  6
     0  6  2  6  6  6  6
     0  6  6  3  6  6  6
     0  6  6  6  4  6  6
     0  6  6  6  6  5  6
     6  6  6  6  6  6  6
  (0, 1, 2, 3, 4, 7, 8): all idempotent? True
     0  0  0  0  0  5  0
     0  1  5  5  5  5  5
     0  5  2  5  5  5  5
     0  5  5  3  5  5  5
     0  5  5  5  4  5  5
     5  5  5  5  5  5  5
     0  5  5  5  5  5  6
  (0, 1, 2, 3, 4, 7, 9): all idempotent? True
     0  0  0  0  0  5  0
     0  1  5  5  5  5  5
     0  5  2  5  5  5  5
     0  5  5  3  5  5  5
     0  5  5  5  4  5  5
     5  5  5  5  5  5  5
     0  5  5  5  5  5  6
  (0, 1, 2, 3, 5, 6, 7): all idempotent? True
     0  0  0  0  0  0  6
     0  1  6  6  6  6  6
     0  6  2  6  6  6  6
     0  6  6  3  6  6  6
     0  6  6  6  4  6  6
     0  6  6  6  6  5  6
     6  6  6  6  6  6  6
  (0, 1, 2, 3, 5, 7, 8): all idempotent? True
     0  0  0  0  0  5  0
     0  1  5  5  5  5  5
     0  5  2  5  5  5  5
     0  5  5  3  5  5  5
     0  5  5  5  4  5  5
     5  5  5  5  5  5  5
     0  5  5  5  5  5  6
  (0, 1, 2, 3, 5, 7, 9): all idempotent? True
     0  0  0  0  0  5  0
     0  1  5  5  5  5  5
     0  5  2  5  5  5  5
     0  5  5  3  5  5  5
     0  5  5  5  4  5  5
     5  5  5  5  5  5  5
     0  5  5  5  5  5  6
  (0, 1, 2, 3, 6, 7, 8): all idempotent? True
     0  0  0  0  0  5  0
     0  1  5  5  5  5  5
     0  5  2  5  5  5  5
     0  5  5  3  5  5  5
     0  5  5  5  4  5  5
     5  5  5  5  5  5  5
     0  5  5  5  5  5  6
  (0, 1, 2, 3, 6, 7, 9): all idempotent? True
     0  0  0  0  0  5  0
     0  1  5  5  5  5  5
     0  5  2  5  5  5  5
     0  5  5  3  5  5  5
     0  5  5  5  4  5  5
     5  5  5  5  5  5  5
     0  5  5  5  5  5  6
  (0, 1, 2, 3, 7, 8, 9): all idempotent? True
     0  0  0  0  4  0  0
     0  1  4  4  4  4  4
     0  4  2  4  4  4  4
     0  4  4  3  4  4  4
     4  4  4  4  4  4  4
     0  4  4  4  4  5  4
     0  4  4  4  4  4  6

MIDDLE MOUFANG failures in TSML_Idempotent (first 20):
Total middle Moufang failures: 168/1000
Element involvement in Moufang failures:
  0: 168
  1: 42
  2: 42
  3: 42
  4: 42
  5: 42
  6: 42
  7: 0
  8: 42
  9: 42

TSML_Jordan Moufang failures: 178/1000
Element involvement in TSML_Jordan Moufang failures:
  0: 162
  1: 46
  2: 46
  3: 46
  4: 44
  5: 48
  6: 48
  7: 0
  8: 46
  9: 48

AUTOMORPHISM GROUP of TSML_Idempotent (fixing 0 and 7):
|Aut fixing 0,7| = 40320
  identity
  [(8, 9), (9, 8)]
  [(6, 8), (8, 6)]
  [(6, 8), (8, 9), (9, 6)]
  [(6, 9), (8, 6), (9, 8)]
  [(6, 9), (9, 6)]
  [(5, 6), (6, 5)]
  [(5, 6), (6, 5), (8, 9), (9, 8)]
  [(5, 6), (6, 8), (8, 5)]
  [(5, 6), (6, 8), (8, 9), (9, 5)]
  [(5, 6), (6, 9), (8, 5), (9, 8)]
  [(5, 6), (6, 9), (9, 5)]
  [(5, 8), (6, 5), (8, 6)]
  [(5, 8), (6, 5), (8, 9), (9, 6)]
  [(5, 8), (8, 5)]
  [(5, 8), (8, 9), (9, 5)]
  [(5, 8), (6, 9), (8, 5), (9, 6)]
  [(5, 8), (6, 9), (8, 6), (9, 5)]
  [(5, 9), (6, 5), (8, 6), (9, 8)]
  [(5, 9), (6, 5), (9, 6)]
