Clay Force Vector ROM -- Detailed Info
======================================================================

[0] NavierStokes L 0: (0.5000, 0.3000, 0.6000, 0.1000, 0.5000) Q14: (  8192,   4915,   9830,   1638,   8192)
[0] NavierStokes L 1: (0.5000, 0.3000, 0.6000, 0.1070, 0.5000) Q14: (  8192,   4915,   9830,   1753,   8192)
[0] NavierStokes L 2: (0.5000, 0.3000, 0.6000, 0.1281, 0.5000) Q14: (  8192,   4915,   9830,   2099,   8192)
[0] NavierStokes L 3: (0.5000, 0.3000, 0.6000, 0.1632, 0.5000) Q14: (  8192,   4915,   9830,   2674,   8192)
[0] NavierStokes L 4: (0.5000, 0.3000, 0.6000, 0.2124, 0.5000) Q14: (  8192,   4915,   9830,   3480,   8192)
[0] NavierStokes L 5: (0.5000, 0.3000, 0.6000, 0.2756, 0.5000) Q14: (  8192,   4915,   9830,   4516,   8192)
[0] NavierStokes L 6: (0.5000, 0.3000, 0.6000, 0.3529, 0.5000) Q14: (  8192,   4915,   9830,   5782,   8192)
[0] NavierStokes L 7: (0.5000, 0.3000, 0.6000, 0.4442, 0.5000) Q14: (  8192,   4915,   9830,   7278,   8192)
[0] NavierStokes L 8: (0.5000, 0.3000, 0.6000, 0.5496, 0.5000) Q14: (  8192,   4915,   9830,   9004,   8192)
[0] NavierStokes L 9: (0.5000, 0.3000, 0.6000, 0.6690, 0.5000) Q14: (  8192,   4915,   9830,  10961,   8192)
[0] NavierStokes L10: (0.5000, 0.3000, 0.6000, 0.8025, 0.5000) Q14: (  8192,   4915,   9830,  13148,   8192)
[0] NavierStokes L11: (0.5000, 0.3000, 0.6000, 0.9500, 0.5000) Q14: (  8192,   4915,   9830,  15565,   8192)
[1] Riemann      L 0: (0.4000, 0.1000, 0.5000, 0.4000, 0.6000) Q14: (  6554,   1638,   8192,   6554,   9830)
[1] Riemann      L 1: (0.4000, 0.2388, 0.5000, 0.4000, 0.6000) Q14: (  6554,   3913,   8192,   6554,   9830)
[1] Riemann      L 2: (0.4000, 0.3645, 0.5000, 0.4000, 0.6000) Q14: (  6554,   5971,   8192,   6554,   9830)
[1] Riemann      L 3: (0.4000, 0.4769, 0.5000, 0.4000, 0.6000) Q14: (  6554,   7813,   8192,   6554,   9830)
[1] Riemann      L 4: (0.4000, 0.5760, 0.5000, 0.4000, 0.6000) Q14: (  6554,   9438,   8192,   6554,   9830)
[1] Riemann      L 5: (0.4000, 0.6620, 0.5000, 0.4000, 0.6000) Q14: (  6554,  10846,   8192,   6554,   9830)
[1] Riemann      L 6: (0.4000, 0.7347, 0.5000, 0.4000, 0.6000) Q14: (  6554,  12038,   8192,   6554,   9830)
[1] Riemann      L 7: (0.4000, 0.7942, 0.5000, 0.4000, 0.6000) Q14: (  6554,  13012,   8192,   6554,   9830)
[1] Riemann      L 8: (0.4000, 0.8405, 0.5000, 0.4000, 0.6000) Q14: (  6554,  13771,   8192,   6554,   9830)
[1] Riemann      L 9: (0.4000, 0.8736, 0.5000, 0.4000, 0.6000) Q14: (  6554,  14312,   8192,   6554,   9830)
[1] Riemann      L10: (0.4000, 0.8934, 0.5000, 0.4000, 0.6000) Q14: (  6554,  14637,   8192,   6554,   9830)
[1] Riemann      L11: (0.4000, 0.9000, 0.5000, 0.4000, 0.6000) Q14: (  6554,  14746,   8192,   6554,   9830)
[2] PvsNP        L 0: (0.5000, 0.5000, 0.5000, 0.4000, 0.5000) Q14: (  8192,   8192,   8192,   6554,   8192)
[2] PvsNP        L 1: (0.5000, 0.5000, 0.6750, 0.4000, 0.5000) Q14: (  8192,   8192,  11059,   6554,   8192)
[2] PvsNP        L 2: (0.5000, 0.5000, 0.8031, 0.4000, 0.5000) Q14: (  8192,   8192,  13158,   6554,   8192)
[2] PvsNP        L 3: (0.5000, 0.5000, 0.8500, 0.4000, 0.5000) Q14: (  8192,   8192,  13926,   6554,   8192)
[2] PvsNP        L 4: (0.5000, 0.5000, 0.8031, 0.4000, 0.5000) Q14: (  8192,   8192,  13158,   6554,   8192)
[2] PvsNP        L 5: (0.5000, 0.5000, 0.6750, 0.4000, 0.5000) Q14: (  8192,   8192,  11059,   6554,   8192)
[2] PvsNP        L 6: (0.5000, 0.5000, 0.5000, 0.4000, 0.5000) Q14: (  8192,   8192,   8192,   6554,   8192)
[2] PvsNP        L 7: (0.5000, 0.5000, 0.3250, 0.4000, 0.5000) Q14: (  8192,   8192,   5325,   6554,   8192)
[2] PvsNP        L 8: (0.5000, 0.5000, 0.1969, 0.4000, 0.5000) Q14: (  8192,   8192,   3226,   6554,   8192)
[2] PvsNP        L 9: (0.5000, 0.5000, 0.1500, 0.4000, 0.5000) Q14: (  8192,   8192,   2458,   6554,   8192)
[2] PvsNP        L10: (0.5000, 0.5000, 0.1969, 0.4000, 0.5000) Q14: (  8192,   8192,   3226,   6554,   8192)
[2] PvsNP        L11: (0.5000, 0.5000, 0.3250, 0.4000, 0.5000) Q14: (  8192,   8192,   5325,   6554,   8192)
[3] YangMills    L 0: (0.0500, 0.5000, 0.4000, 0.5000, 0.5000) Q14: (   819,   8192,   6554,   8192,   8192)
[3] YangMills    L 1: (0.1975, 0.5000, 0.4000, 0.5000, 0.5000) Q14: (  3236,   8192,   6554,   8192,   8192)
[3] YangMills    L 2: (0.3310, 0.5000, 0.4000, 0.5000, 0.5000) Q14: (  5423,   8192,   6554,   8192,   8192)
[3] YangMills    L 3: (0.4504, 0.5000, 0.4000, 0.5000, 0.5000) Q14: (  7380,   8192,   6554,   8192,   8192)
[3] YangMills    L 4: (0.5558, 0.5000, 0.4000, 0.5000, 0.5000) Q14: (  9106,   8192,   6554,   8192,   8192)
[3] YangMills    L 5: (0.6471, 0.5000, 0.4000, 0.5000, 0.5000) Q14: ( 10602,   8192,   6554,   8192,   8192)
[3] YangMills    L 6: (0.7244, 0.5000, 0.4000, 0.5000, 0.5000) Q14: ( 11868,   8192,   6554,   8192,   8192)
[3] YangMills    L 7: (0.7876, 0.5000, 0.4000, 0.5000, 0.5000) Q14: ( 12904,   8192,   6554,   8192,   8192)
[3] YangMills    L 8: (0.8368, 0.5000, 0.4000, 0.5000, 0.5000) Q14: ( 13710,   8192,   6554,   8192,   8192)
[3] YangMills    L 9: (0.8719, 0.5000, 0.4000, 0.5000, 0.5000) Q14: ( 14285,   8192,   6554,   8192,   8192)
[3] YangMills    L10: (0.8930, 0.5000, 0.4000, 0.5000, 0.5000) Q14: ( 14631,   8192,   6554,   8192,   8192)
[3] YangMills    L11: (0.9000, 0.5000, 0.4000, 0.5000, 0.5000) Q14: ( 14746,   8192,   6554,   8192,   8192)
[4] BSD          L 0: (0.5000, 0.4000, 0.5000, 0.5000, 0.1000) Q14: (  8192,   6554,   8192,   8192,   1638)
[4] BSD          L 1: (0.5000, 0.4000, 0.5000, 0.5000, 0.1070) Q14: (  8192,   6554,   8192,   8192,   1753)
[4] BSD          L 2: (0.5000, 0.4000, 0.5000, 0.5000, 0.1281) Q14: (  8192,   6554,   8192,   8192,   2099)
[4] BSD          L 3: (0.5000, 0.4000, 0.5000, 0.5000, 0.1632) Q14: (  8192,   6554,   8192,   8192,   2674)
[4] BSD          L 4: (0.5000, 0.4000, 0.5000, 0.5000, 0.2124) Q14: (  8192,   6554,   8192,   8192,   3480)
[4] BSD          L 5: (0.5000, 0.4000, 0.5000, 0.5000, 0.2756) Q14: (  8192,   6554,   8192,   8192,   4516)
[4] BSD          L 6: (0.5000, 0.4000, 0.5000, 0.5000, 0.3529) Q14: (  8192,   6554,   8192,   8192,   5782)
[4] BSD          L 7: (0.5000, 0.4000, 0.5000, 0.5000, 0.4442) Q14: (  8192,   6554,   8192,   8192,   7278)
[4] BSD          L 8: (0.5000, 0.4000, 0.5000, 0.5000, 0.5496) Q14: (  8192,   6554,   8192,   8192,   9004)
[4] BSD          L 9: (0.5000, 0.4000, 0.5000, 0.5000, 0.6690) Q14: (  8192,   6554,   8192,   8192,  10961)
[4] BSD          L10: (0.5000, 0.4000, 0.5000, 0.5000, 0.8025) Q14: (  8192,   6554,   8192,   8192,  13148)
[4] BSD          L11: (0.5000, 0.4000, 0.5000, 0.5000, 0.9500) Q14: (  8192,   6554,   8192,   8192,  15565)
[5] Hodge        L 0: (0.5000, 0.7598, 0.7598, 0.5000, 0.2402) Q14: (  8192,  12449,  12449,   8192,   3935)
[5] Hodge        L 1: (0.6500, 0.8000, 0.6500, 0.3500, 0.2000) Q14: ( 10650,  13107,  10650,   5734,   3277)
[5] Hodge        L 2: (0.7598, 0.7598, 0.5000, 0.2402, 0.2402) Q14: ( 12449,  12449,   8192,   3935,   3935)
[5] Hodge        L 3: (0.8000, 0.6500, 0.3500, 0.2000, 0.3500) Q14: ( 13107,  10650,   5734,   3277,   5734)
[5] Hodge        L 4: (0.7598, 0.5000, 0.2402, 0.2402, 0.5000) Q14: ( 12449,   8192,   3935,   3935,   8192)
[5] Hodge        L 5: (0.6500, 0.3500, 0.2000, 0.3500, 0.6500) Q14: ( 10650,   5734,   3277,   5734,  10650)
[5] Hodge        L 6: (0.5000, 0.2402, 0.2402, 0.5000, 0.7598) Q14: (  8192,   3935,   3935,   8192,  12449)
[5] Hodge        L 7: (0.3500, 0.2000, 0.3500, 0.6500, 0.8000) Q14: (  5734,   3277,   5734,  10650,  13107)
[5] Hodge        L 8: (0.2402, 0.2402, 0.5000, 0.7598, 0.7598) Q14: (  3935,   3935,   8192,  12449,  12449)
[5] Hodge        L 9: (0.2000, 0.3500, 0.6500, 0.8000, 0.6500) Q14: (  3277,   5734,  10650,  13107,  10650)
[5] Hodge        L10: (0.2402, 0.5000, 0.7598, 0.7598, 0.5000) Q14: (  3935,   8192,  12449,  12449,   8192)
[5] Hodge        L11: (0.3500, 0.6500, 0.8000, 0.6500, 0.3500) Q14: (  5734,  10650,  13107,  10650,   5734)
